Temp_0 = [ ]
Temp_1 = [ ]
Temp_2 = [ 37 38 39 ]
Temp_3 = [ 19 20 21 22 23 24 25 26 27 28 29 30 31 32 33 34 35 36 37 ]
Temp_4 = [ 36 37 ]
Temp_5 = [ 20 21 22 23 24 25 26 27 28 29 30 31 32 33 34 35 36 ]
Temp_6 = [ 35 36 ]
Temp_7 = [ 21 22 23 24 25 26 27 28 29 30 31 32 33 34 35 ]
Temp_8 = [ 34 35 ]
Temp_9 = [ 22 23 24 25 26 27 28 29 30 31 32 33 34 ]
Temp_10 = [ 33 34 ]
Temp_11 = [ 23 24 25 26 27 28 29 30 31 32 33 ]
Temp_12 = [ 32 33 ]
Temp_13 = [ 24 25 26 27 28 29 30 31 32 ]
Temp_14 = [ 31 32 ]
Temp_15 = [ 25 26 27 28 29 30 31 ]
Temp_16 = [ 30 31 ]
Temp_17 = [ 26 27 28 29 30 ]
Temp_18 = [ 29 30 ]
Temp_19 = [ 27 28 29 ]
Temp_20 = [ 28 29 ]
Temp_21 = [ ]
